11.2
10.3
11.2
11.9
11.1
13.4
14.7
12.5
14.9
10.4
13.8
15.2
14.1
13.3
11.9
13.7
13.1
13.3
13.4
11.9
14.5
14.4
14.2
14.7
13.5
16.2
14.6
14.7
17.8
14.3
14.3
15.0
14.4
15.8
13.0
19.5
11.6
13.7
15.8
17.4
16.7
14.8
16.1
13.7
16.2
14.8
17.0
14.5
14.7
15.3
13.7
15.5
15.5
15.0
13.9
14.3
17.3
16.8
13.3
18.1
16.1
15.0
14.0
15.1
15.4
16.8
16.8
14.9
18.0
13.3
16.2
14.4
15.7
18.7
17.5
19.5
18.2
17.3
15.2
15.2
14.8
19.6
14.8
16.6
17.7
17.6
18.1
21.4
16.3
17.8
16.3
16.5
17.2
15.1
18.2
21.2
17.7
17.0
14.6
16.8
15.8
15.1
18.0
17.8
16.5
18.4
18.0
15.5
16.2
22.6
20.9
17.5
17.7
19.8
15.0
19.7
15.7
19.2
17.8
17.1
17.2
21.0
16.7
16.5
15.6
19.4
14.4
20.5
16.7
24.2
